5345274461908304576512282177350843485628477090889524399118003646889521991534527446472611451451948561145065867563561145191991180036468895219912611451451948561145190830457651228217735084348562847485611216480477090889524348561121648006586756356114519118651281911800356114726116467136464612197803646472611451451948561145190830457651228217735084348562756356114519199118003646889521991184350812434856114519121128883046467972783160174648349434354521972127770909673470920128571972783040421585765943442159560421830203118065719189434
017464834943435282177830457651288952197251081658550649911800364672431
8435081921595615136797278316013451586042158577445451904504534780192889521601997928275372434856251081146364672435546003614519121128883046484353451586042157651595646190186559537243485625108145042159561513534780192889115191414519889971463646728577511216151800672431427894314454552160199364128191180035611472611
460036467118001401525517519118018944522953452744647261145145194856114519083045765122821773508434856275635611451919911800364688952199110334527446472611451451948561145190830457651228217745190450421595615135347801928895216019936467252197752364672119118003575765460036467118001401525522012889521959175191180189445229534526114580036904457654648451911889
94576512889506512889500362151288952196114364585611451904509118003150362151288952196114364585611451904509118003159457655996704672611458051216480065861143128895003624968475601903236467211917812197712889521951800357576546067096585506469042204648451911889521972781670512164800658611431288950036249684756019965855064996704672611458003690422046484519118895219771288952195945765523646721191180035757654600364671180014015255175191180189445229534527477090967347092012857197278304042158576594344215956042183020311806571918943434646518009967340579282758576519727889438872151288952196180031145727857261185764219709680579636612527570584521765219727830464876515956461141451988997511216151800595372434856251081146364672435345158604215857744545190450421595615135347801928895216019936467243142789431519118651281911800356114726116467186418005458561197353646724348561145196726114519031180657191894343180014
8195372434856251081146364672435546003614519121128883046467972783160134515860421585774454519045042159561513534780192889521601993646724314278948576594344215956042183024646518009967340579282784350315191186512819118003561147261164671364646121978585765197292197278167054671180014015255175191180350843485628477090889524348561121648006586
01525517519118018945217652197278304648765159564611414545229534527446472611451451948561145190830457651228217735084348562364646121978585765197278894388721512889521961800311457278572611857642197096805796366125275705845217652197278304648765159564611414519889975112161518005953724348562510811463646724353451586042158577445451904504215956151353478019288952160199364672431427894315191186512819118003561147261164671364646121978036512889523646721191180035765135347830464560199684770908895219727816705121648343508434856114572785726118576436467243534527560192886797278399468952199118006734057928275857651252757058452176521972783046487651595646114145198899751467249684795219735356114519199118003646889521991261145145198561145190830457651228217735084348562847468898052103649915991186745194688952199153452744647261145145194856114506553452744647261145145194856114506563561145198675635611451919911800364688952199126114511991
5727857261185764364672435345275601928561145191991180036468895219911800651288952364672119118003576513534783050843485611431288950036249684756019965855064996704672611458003690422046484519118895219771288952195945765523646721191180035757674648349434354521770909673470920128571972783040421585765943442159560421830246465180099673405792827843508195372434856251081146364672435546003614519121128883046467972783160134515860421585774454519045042159561513534780192889521601993646724314278943151911865128191180035611472611646713646461219785857651972921972781670546711800140152551751911801894452295345274464726114514519485611451908304576512282177350843485628477090889524348561121648006586756356114519199118003646889521991103651288967212778894388721512889521961800311457278572611857642197096805796366125275705845217652197278304648765159564611414519889975112161518005458561197353646724348561145196726114519031180657191894343
404215857651216151800943435084348561145727857261185764364672435345275601928895219735364672496847560199684770908895219727816705121648561145191991180036468895219911800651288952364672119118003576513534783046467972783967340579282758576512527570584521765219727830464876515956461141451988997515953724348561278302031180657191894343464651800911464600364671288819118003561147261164671364646121978036464726114514519485611451904215956042158576521972789431519118519118018944521972788943834350812434856114519121670467261145800369042204648451911452197271288952195945765128895003621512889521961143645856114519045091180031586042158576512887243485611451967261145197292197278167054671847709088952434856112164800658675635611451919911800364666125275705819889521991103651288967212778894388721512889521961800311457278572611857642197096805796389975112115
8435345158675112167610625140815953478019288911519141451988997146364751352854215765159564619018655953724385
7816705747709096121648006586114312889500362496847560199658550649967046726114580036904220464845191188952197712889521959457655236467211911800357576546003646711800140152551751911801894452295345273470920128571972783040421585765943442159560421830203118065719189434346465180099673
219605796366125275889031176515956461141451988997511216151808675635611451919911800364688952199113887215127788945036457512889672127058452176521972783046481802785726118576421970968
094343508434856118003641973536467249684756019968477090889521688952199118006512814572785726118576436467243534527560192889529727816705121648561145191991
6797577144583160132745193515860421585774458316013451586042150860421584515860421585774451601345154504838577445860134
9746483494727830404215857659434421595604218302031180657191894345219911843508124348561145191211288830464679727831601343545219721277709096734709201285719